Timestamp: 2026-02-12 12:45:12.053691+00:00, User: dmurray10 (ID: 1), Chapters: 37
Timestamp: 2026-02-12 12:45:13.271379+00:00, User: dmurray10 (ID: 1), Chapters: 37
Timestamp: 2026-02-12 12:45:55.348390+00:00, User: dmurray10 (ID: 1), Chapters: 37
Timestamp: 2026-02-12 12:46:55.342032+00:00, User: dmurray10 (ID: 1), Chapters: 37
